16	30	50	0.4	1	0.0005	tensor(0.2610)	tensor(0.2263)	0.8816188
64	50	50	0.4	1	0.0005	tensor(0.1979)	tensor(0.1759)	0.88712585
32	50	100	0.4	1	0.0005	tensor(0.1431)	tensor(0.1319)	0.9013748
16	50	90	0.3	1	0.0005	tensor(0.3257)	tensor(0.3392)	0.8470924
32	70	100	0.5	1	0.0005	tensor(0.1190)	tensor(0.1080)	0.90732455
16	70	70	0.5	1	0.0005	tensor(0.1190)	tensor(0.1080)	0.9073246
32	90	100	0.6	1	0.0005	tensor(0.1446)	tensor(0.1316)	0.8764508
32	100	90	0.5	1	0.0005	tensor(0.1446)	tensor(0.1301)	0.9128477
64	50	50	0.5	1	0.001	tensor(0.1416)	tensor(0.1357)	0.8828248
16	30	20	0.3	1	0.001	tensor(0.1453)	tensor(0.1230)	0.8643292
16	30	20	0.3	1	0.001	tensor(0.1301)	tensor(0.1041)	0.88173103
16	30	20	0.3	1	0.001	tensor(0.1816)	tensor(0.1640)	0.87387896
64	30	20	0.3	1	0.001	tensor(0.1296)	tensor(0.1148)	0.86714387
32	30	20	0.3	1	0.001	tensor(0.3472)	tensor(0.3246)	0.86636126
64	30	20	0.4	1	0.001	tensor(0.1736)	tensor(0.1609)	0.87331086
64	30	20	0.5	4	0.001	tensor(0.1594)	tensor(0.1437)	0.8712575
64	30	50	0.3	4	0.001	tensor(0.3519)	tensor(0.3064)	0.8443316
64	30	50	0.4	2	0.001	tensor(0.1434)	tensor(0.1348)	0.8744783
32	30	50	0.4	1	0.001	tensor(0.3059)	tensor(0.2608)	0.88419056
64	30	70	0.4	2	0.001	tensor(0.1331)	tensor(0.1333)	0.86963165
64	30	70	0.3	4	0.001	tensor(0.3440)	tensor(0.3630)	0.85469383
16	30	50	0.5	3	0.001	tensor(0.3120)	tensor(0.2577)	0.86077225
32	30	70	0.4	4	0.001	tensor(0.1809)	tensor(0.1543)	0.87096846
32	30	70	0.5	2	0.001	tensor(0.1946)	tensor(0.1843)	0.89372855
16	30	70	0.4	1	0.001	tensor(0.1521)	tensor(0.1333)	0.84340554
16	30	70	0.5	2	0.001	tensor(0.1864)	tensor(0.1680)	0.8909528
64	30	90	0.6	1	0.001	tensor(0.1575)	tensor(0.1518)	0.8637377
64	30	90	0.5	4	0.001	tensor(0.1734)	tensor(0.1480)	0.86171687
64	30	100	0.3	2	0.001	tensor(0.1420)	tensor(0.1277)	0.86874616
64	30	100	0.3	3	0.001	tensor(0.1051)	tensor(0.1003)	0.8926265
64	30	100	0.3	4	0.001	tensor(0.1269)	tensor(0.1146)	0.91819584
32	30	100	0.3	1	0.001	tensor(0.3521)	tensor(0.3142)	0.84306693
64	30	100	0.5	1	0.001	tensor(0.1391)	tensor(0.1295)	0.8782642
32	30	100	0.4	3	0.001	tensor(0.3210)	tensor(0.2694)	0.8458972
64	30	100	0.5	2	0.001	tensor(0.1017)	tensor(0.0961)	0.8674543
32	30	100	0.4	4	0.001	tensor(0.1559)	tensor(0.1486)	0.8768866
64	30	100	0.6	1	0.001	tensor(0.1365)	tensor(0.1232)	0.8718114
64	50	20	0.4	2	0.001	tensor(0.1788)	tensor(0.1602)	0.87040305
32	50	20	0.5	1	0.001	tensor(0.2078)	tensor(0.1953)	0.87682545
32	50	20	0.5	2	0.001	tensor(0.1686)	tensor(0.1471)	0.82298017
64	50	20	0.6	1	0.001	tensor(0.2284)	tensor(0.2099)	0.8883952
64	50	20	0.6	3	0.001	tensor(0.3243)	tensor(0.2971)	0.8468489
64	50	50	0.4	2	0.001	tensor(0.2897)	tensor(0.2671)	0.8619335
32	50	50	0.3	3	0.001	tensor(0.2913)	tensor(0.2624)	0.87265867
64	50	50	0.6	2	0.001	tensor(0.2157)	tensor(0.1900)	0.891843
16	50	50	0.4	2	0.001	tensor(0.1376)	tensor(0.1203)	0.88053244
16	50	50	0.3	3	0.001	tensor(0.1743)	tensor(0.1611)	0.8860618
32	50	50	0.6	3	0.001	tensor(0.1936)	tensor(0.1653)	0.90212846
64	50	70	0.3	4	0.001	tensor(0.2028)	tensor(0.1776)	0.8954097
16	50	50	0.4	4	0.001	tensor(0.3428)	tensor(0.3046)	0.8528228
16	50	50	0.3	4	0.001	tensor(0.1990)	tensor(0.1759)	0.8703429
16	50	50	0.5	3	0.001	tensor(0.2916)	tensor(0.2455)	0.85862553
64	50	70	0.5	1	0.001	tensor(0.1650)	tensor(0.1592)	0.87718415
16	50	70	0.4	1	0.001	tensor(0.2522)	tensor(0.2255)	0.87624395
64	50	90	0.3	1	0.001	tensor(0.1032)	tensor(0.0963)	0.9115914
32	50	70	0.5	4	0.001	tensor(0.1743)	tensor(0.1521)	0.8903575
64	50	90	0.3	3	0.001	tensor(0.3304)	tensor(0.3001)	0.8569497
64	50	90	0.4	1	0.001	tensor(0.1517)	tensor(0.1378)	0.8508762
32	50	90	0.3	3	0.001	tensor(0.2700)	tensor(0.2380)	0.87648267
16	50	70	0.4	4	0.001	tensor(0.0814)	tensor(0.0736)	0.90255904
64	50	90	0.4	4	0.001	tensor(0.3049)	tensor(0.2661)	0.8456514
32	50	90	0.5	2	0.001	tensor(0.0933)	tensor(0.0875)	0.8955197
64	50	90	0.6	1	0.001	tensor(0.1317)	tensor(0.1163)	0.89161164
64	50	90	0.6	4	0.001	tensor(0.1733)	tensor(0.1466)	0.8830558
64	50	100	0.3	1	0.001	tensor(0.1368)	tensor(0.1264)	0.9118991
16	50	90	0.5	1	0.001	tensor(0.0884)	tensor(0.0814)	0.84472466
64	50	100	0.4	3	0.001	tensor(0.1366)	tensor(0.1338)	0.9035648
64	50	100	0.5	1	0.001	tensor(0.1481)	tensor(0.1307)	0.88560116
64	50	100	0.5	2	0.001	tensor(0.1727)	tensor(0.1805)	0.8787632
32	50	100	0.4	3	0.001	tensor(0.2378)	tensor(0.2122)	0.89276797
64	50	100	0.5	3	0.001	tensor(0.1447)	tensor(0.1381)	0.89138424
64	50	100	0.5	4	0.001	tensor(0.1236)	tensor(0.1186)	0.86329937
16	50	100	0.3	3	0.001	tensor(0.2677)	tensor(0.2329)	0.87500024
64	70	20	0.3	2	0.001	tensor(0.1680)	tensor(0.1476)	0.8435442
64	50	100	0.6	4	0.001	tensor(0.3937)	tensor(0.3916)	0.8416638
32	70	20	0.4	3	0.001	tensor(0.1815)	tensor(0.1697)	0.88110906
32	70	20	0.6	1	0.001	tensor(0.1860)	tensor(0.1648)	0.86811376
64	70	20	0.6	4	0.001	tensor(0.2894)	tensor(0.2627)	0.8768803
64	70	50	0.3	1	0.001	tensor(0.1604)	tensor(0.1422)	0.87795067
32	70	20	0.6	2	0.001	tensor(0.2563)	tensor(0.2396)	0.8912429
64	70	50	0.3	3	0.001	tensor(0.1627)	tensor(0.1470)	0.88864636
32	70	20	0.5	4	0.001	tensor(0.1579)	tensor(0.1460)	0.8743914
16	70	20	0.5	3	0.001	tensor(0.1894)	tensor(0.1693)	0.8500638
32	70	50	0.3	3	0.001	tensor(0.0938)	tensor(0.0819)	0.85268533
16	70	50	0.3	2	0.001	tensor(0.2105)	tensor(0.1908)	0.91086006
64	70	50	0.6	3	0.001	tensor(0.1657)	tensor(0.1574)	0.8634381
32	70	70	0.3	2	0.001	tensor(0.0756)	tensor(0.0669)	0.83866906
64	70	70	0.4	1	0.001	tensor(0.2332)	tensor(0.2050)	0.90499914
32	70	70	0.3	4	0.001	tensor(0.3012)	tensor(0.2776)	0.8473806
32	70	70	0.4	3	0.001	tensor(0.2823)	tensor(0.2448)	0.8871818
32	70	70	0.5	1	0.001	tensor(0.1336)	tensor(0.1287)	0.90235454
16	70	70	0.3	4	0.001	tensor(0.1362)	tensor(0.1191)	0.8717135
64	70	90	0.3	1	0.001	tensor(0.1275)	tensor(0.1178)	0.86806184
32	70	90	0.3	1	0.001	tensor(0.0940)	tensor(0.0935)	0.8746698
64	70	90	0.4	1	0.001	tensor(0.1682)	tensor(0.1409)	0.8618406
64	70	90	0.5	1	0.001	tensor(0.1404)	tensor(0.1229)	0.8882939
32	70	90	0.4	4	0.001	tensor(0.1765)	tensor(0.1613)	0.86454785
64	70	100	0.3	1	0.001	tensor(0.1324)	tensor(0.1165)	0.9179094
32	70	100	0.3	1	0.001	tensor(0.1785)	tensor(0.1687)	0.8602842
64	70	100	0.3	3	0.001	tensor(0.0773)	tensor(0.0710)	0.8548317
16	70	90	0.4	3	0.001	tensor(0.1484)	tensor(0.1333)	0.8715354
16	70	90	0.5	2	0.001	tensor(0.2877)	tensor(0.2462)	0.85679865
64	70	100	0.4	2	0.001	tensor(0.1593)	tensor(0.1474)	0.85797906
64	70	100	0.4	1	0.001	tensor(0.1593)	tensor(0.1474)	0.85797906
64	70	100	0.3	4	0.001	tensor(0.1428)	tensor(0.1275)	0.87048376
32	70	100	0.4	1	0.001	tensor(0.0877)	tensor(0.0795)	0.9034176
16	70	100	0.3	1	0.001	tensor(0.2318)	tensor(0.2107)	0.8773966
32	70	100	0.5	1	0.001	tensor(0.0859)	tensor(0.0799)	0.90668553
64	70	100	0.6	1	0.001	tensor(0.2026)	tensor(0.1854)	0.87205493
64	70	100	0.6	2	0.001	tensor(0.1419)	tensor(0.1301)	0.8861222
32	70	100	0.5	4	0.001	tensor(0.1871)	tensor(0.1652)	0.86297727
16	70	100	0.6	1	0.001	tensor(0.2083)	tensor(0.1879)	0.8757211
32	90	20	0.3	2	0.001	tensor(0.1547)	tensor(0.1380)	0.8611984
32	90	20	0.3	4	0.001	tensor(0.2482)	tensor(0.2212)	0.877754
16	70	100	0.4	4	0.001	tensor(0.2558)	tensor(0.2228)	0.8915423
64	90	20	0.5	4	0.001	tensor(0.2122)	tensor(0.1893)	0.8755309
32	90	20	0.5	3	0.001	tensor(0.3130)	tensor(0.2955)	0.8702549
16	90	20	0.4	1	0.001	tensor(0.1309)	tensor(0.1149)	0.8279934
16	90	20	0.5	2	0.001	tensor(0.1361)	tensor(0.1283)	0.90023154
64	90	50	0.3	2	0.001	tensor(0.1462)	tensor(0.1321)	0.88360804
32	90	20	0.5	4	0.001	tensor(0.2842)	tensor(0.2388)	0.84927976
32	90	50	0.3	2	0.001	tensor(0.0889)	tensor(0.0803)	0.89954764
32	90	20	0.6	4	0.001	tensor(0.2460)	tensor(0.2308)	0.8943746
16	70	100	0.6	4	0.001	tensor(0.1455)	tensor(0.1318)	0.8722266
64	90	50	0.3	4	0.001	tensor(0.2133)	tensor(0.1956)	0.8921316
64	90	50	0.4	3	0.001	tensor(0.1579)	tensor(0.1432)	0.88176626
16	90	50	0.3	1	0.001	tensor(0.3627)	tensor(0.2850)	0.84873843
64	90	50	0.5	4	0.001	tensor(0.3063)	tensor(0.2669)	0.8772045
64	90	50	0.6	1	0.001	tensor(0.1869)	tensor(0.1579)	0.89386594
32	90	50	0.6	4	0.001	tensor(0.1437)	tensor(0.1374)	0.8769158
64	90	70	0.3	3	0.001	tensor(0.1752)	tensor(0.1531)	0.88314354
32	90	70	0.3	1	0.001	tensor(0.2702)	tensor(0.2486)	0.8853202
32	90	70	0.3	3	0.001	tensor(0.1822)	tensor(0.1489)	0.8856944
64	90	70	0.5	4	0.001	tensor(0.1402)	tensor(0.1278)	0.8605459
64	90	70	0.6	1	0.001	tensor(0.1938)	tensor(0.1654)	0.8896476
32	90	70	0.6	3	0.001	tensor(0.2708)	tensor(0.2283)	0.8987938
64	90	90	0.4	3	0.001	tensor(0.1654)	tensor(0.1425)	0.8681805
64	90	90	0.5	3	0.001	tensor(0.1243)	tensor(0.1123)	0.8701127
64	90	90	0.6	1	0.001	tensor(0.1798)	tensor(0.1555)	0.90570724
64	90	100	0.3	1	0.001	tensor(0.1172)	tensor(0.1044)	0.9017293
64	90	100	0.3	2	0.001	tensor(0.1017)	tensor(0.0913)	0.9036402
64	90	100	0.5	1	0.001	tensor(0.1074)	tensor(0.1016)	0.89278954
64	90	100	0.4	3	0.001	tensor(0.1103)	tensor(0.1040)	0.8959371
32	90	100	0.4	3	0.001	tensor(0.3693)	tensor(0.2800)	0.85487103
64	100	20	0.3	4	0.001	tensor(0.2831)	tensor(0.2739)	0.84743154
32	90	100	0.6	4	0.001	tensor(0.1553)	tensor(0.1449)	0.85843396
32	100	20	0.3	3	0.001	tensor(0.1937)	tensor(0.1692)	0.87722605
64	100	20	0.5	1	0.001	tensor(0.1760)	tensor(0.1534)	0.86540854
64	100	20	0.5	2	0.001	tensor(0.1890)	tensor(0.1682)	0.87601924
32	100	20	0.4	4	0.001	tensor(0.2731)	tensor(0.2697)	0.8594526
64	100	20	0.6	2	0.001	tensor(0.2643)	tensor(0.2385)	0.8893794
64	100	20	0.5	4	0.001	tensor(0.2069)	tensor(0.1882)	0.88125825
64	100	20	0.6	3	0.001	tensor(0.2440)	tensor(0.2113)	0.8575062
32	100	20	0.6	2	0.001	tensor(0.1830)	tensor(0.1640)	0.8597429
32	100	50	0.4	2	0.001	tensor(0.1941)	tensor(0.1664)	0.86570454
64	100	50	0.5	3	0.001	tensor(0.1429)	tensor(0.1275)	0.87464523
64	100	50	0.6	1	0.001	tensor(0.1609)	tensor(0.1397)	0.891299
64	100	50	0.6	2	0.001	tensor(0.1574)	tensor(0.1428)	0.8692592
32	100	50	0.5	2	0.001	tensor(0.1748)	tensor(0.1535)	0.87121844
64	100	50	0.6	3	0.001	tensor(0.1630)	tensor(0.1455)	0.8675251
64	100	70	0.6	1	0.001	tensor(0.1449)	tensor(0.1338)	0.89616907
64	100	70	0.6	2	0.001	tensor(0.1376)	tensor(0.1222)	0.87977445
16	100	70	0.3	4	0.001	tensor(0.1226)	tensor(0.1109)	0.8908069
64	100	90	0.3	2	0.001	tensor(0.1195)	tensor(0.1080)	0.8960606
32	100	90	0.3	1	0.001	tensor(0.2320)	tensor(0.2126)	0.9077287
64	100	90	0.4	1	0.001	tensor(0.1226)	tensor(0.1087)	0.8902941
32	100	70	0.6	4	0.001	tensor(0.1236)	tensor(0.1111)	0.8850088
64	100	90	0.5	1	0.001	tensor(0.1308)	tensor(0.1169)	0.90388787
16	100	70	0.6	4	0.001	tensor(0.2231)	tensor(0.1974)	0.90190053
64	100	90	0.6	1	0.001	tensor(0.1605)	tensor(0.1427)	0.88144267
64	100	90	0.6	3	0.001	tensor(0.1936)	tensor(0.1709)	0.8735966
32	100	90	0.6	2	0.001	tensor(0.1425)	tensor(0.1302)	0.8697298
32	100	90	0.5	4	0.001	tensor(0.1148)	tensor(0.0986)	0.88712305
32	100	100	0.3	1	0.001	tensor(0.1504)	tensor(0.1285)	0.9069594
64	100	100	0.4	1	0.001	tensor(0.1597)	tensor(0.1567)	0.8977908
32	100	100	0.3	3	0.001	tensor(0.3051)	tensor(0.2538)	0.87055755
64	100	100	0.4	4	0.001	tensor(0.1145)	tensor(0.1018)	0.9123105
64	100	100	0.5	1	0.001	tensor(0.1325)	tensor(0.1175)	0.92143327
64	100	100	0.5	3	0.001	tensor(0.3576)	tensor(0.3523)	0.8528845
32	100	100	0.4	3	0.001	tensor(0.2044)	tensor(0.1808)	0.8784462
16	100	100	0.4	2	0.001	tensor(0.1405)	tensor(0.1206)	0.9071684
64	100	100	0.6	1	0.001	tensor(0.1173)	tensor(0.1119)	0.8954253
32	100	100	0.6	3	0.001	tensor(0.3041)	tensor(0.2618)	0.8666197
16	100	100	0.5	2	0.001	tensor(0.3732)	tensor(0.3509)	0.81800675
32	30	20	0.3	3	0.005	tensor(0.2552)	tensor(0.2333)	0.88013244
64	30	20	0.6	4	0.005	tensor(0.1569)	tensor(0.1471)	0.8029218
64	30	50	0.3	1	0.005	tensor(0.1640)	tensor(0.1443)	0.8562709
16	30	20	0.5	2	0.005	tensor(0.1789)	tensor(0.1636)	0.8461877
64	30	50	0.4	2	0.005	tensor(0.1650)	tensor(0.1423)	0.874966
16	30	20	0.6	2	0.005	tensor(0.1979)	tensor(0.1611)	0.8282839
32	30	50	0.4	1	0.005	tensor(0.2650)	tensor(0.2335)	0.8535642
64	30	50	0.4	3	0.005	tensor(0.3457)	tensor(0.3089)	0.8184799
16	30	20	0.5	4	0.005	tensor(0.3251)	tensor(0.2953)	0.8380631
16	30	50	0.4	1	0.005	tensor(0.4008)	tensor(0.3582)	0.83013666
32	30	50	0.6	4	0.005	tensor(0.3300)	tensor(0.2908)	0.854128
32	30	70	0.5	4	0.005	tensor(0.1371)	tensor(0.1300)	0.67118955
64	30	90	0.4	1	0.005	tensor(0.4517)	tensor(0.3354)	0.84215117
32	30	90	0.4	1	0.005	tensor(0.2581)	tensor(0.2495)	0.8787676
16	30	70	0.5	3	0.005	tensor(0.1887)	tensor(0.1717)	0.8221015
64	30	90	0.5	1	0.005	tensor(0.1860)	tensor(0.1499)	0.8251498
16	30	90	0.4	2	0.005	tensor(0.2466)	tensor(0.2230)	0.8619111
16	30	90	0.3	4	0.005	tensor(0.2044)	tensor(0.1720)	0.8764293
32	30	100	0.3	2	0.005	tensor(0.1839)	tensor(0.1560)	0.8555961
64	30	100	0.5	1	0.005	tensor(0.4112)	tensor(0.3462)	0.8315456
32	30	100	0.3	4	0.005	tensor(0.2692)	tensor(0.2388)	0.8965991
64	30	100	0.6	3	0.005	tensor(0.2295)	tensor(0.2142)	0.76102686
32	30	100	0.6	3	0.005	tensor(0.2086)	tensor(0.1939)	0.8887761
16	30	100	0.3	4	0.005	tensor(0.2151)	tensor(0.1929)	0.8788391
32	50	20	0.4	1	0.005	tensor(0.2920)	tensor(0.2606)	0.86742365
32	50	20	0.4	2	0.005	tensor(0.2483)	tensor(0.2219)	0.8754673
16	30	100	0.4	4	0.005	tensor(0.2026)	tensor(0.1782)	0.8646581
64	50	20	0.5	3	0.005	tensor(0.1972)	tensor(0.1734)	0.8327733
16	50	20	0.4	1	0.005	tensor(0.2178)	tensor(0.1934)	0.3848242
64	50	20	0.6	2	0.005	tensor(0.2975)	tensor(0.2603)	0.8417754
64	50	50	0.5	1	0.005	tensor(0.1388)	tensor(0.1278)	0.7922605
32	50	50	0.3	4	0.005	tensor(0.1976)	tensor(0.1756)	0.8016523
64	50	50	0.6	2	0.005	tensor(0.1938)	tensor(0.1762)	0.8602407
32	50	50	0.6	2	0.005	tensor(0.2503)	tensor(0.2252)	0.89025056
16	50	20	0.6	4	0.005	tensor(0.1996)	tensor(0.1758)	0.83109015
16	50	70	0.3	2	0.005	tensor(0.1669)	tensor(0.1495)	0.8399588
32	50	70	0.6	1	0.005	tensor(0.1638)	tensor(0.1498)	0.80839384
64	50	90	0.3	1	0.005	tensor(0.2953)	tensor(0.2929)	0.86825895
32	50	90	0.3	2	0.005	tensor(0.3246)	tensor(0.3206)	0.84058726
32	50	90	0.3	3	0.005	tensor(0.2083)	tensor(0.1906)	0.8770253
